2579.10
,2579.10
,2579.10
,2586.95
,2583.25
,2585.80
,2591.05
,2583.50
,2583.35
,2583.50
,2584.15
,2583.30
,2585.50
,2584.65
,2587.40
,2584.70
,2586.80
,2589.50
,2593.30
,2598.90
,2601.50
,2601.70
,2604.00
,2602.15
,2601.00
,2599.80
,2599.00
,2600.05
,2600.00
,2600.95
,2602.70
,2601.40
,2599.80
,2600.00
,2600.30
,2601.00
,2600.90
,2601.05
,2601.50
,2603.90
,2608.95
,2608.90
,2609.35
,2614.35
,2620.90
,2620.25
,2619.95
,2622.00
,2619.50
,2616.20
,2616.90
,2619.80
,2618.35
,2617.55
,2616.30
,2612.60
,2610.45
,2614.40
,2617.80
,2614.70
,2615.60
,2614.25
,2614.40
,2614.55
,2618.05
,2616.25
,2620.20
