2612
,2612
,2612
,2622.9
,2620.05
,2622.3
,2627.25
,2622.85
,2624.55
,2624.95
,2622.25
,2622.15
,2617.55
,2620
,2621.95
,2624.9
,2630.75
,2623.6
,2621.6
,2624.5
,2617.8
,2618.9
,2618.75
,2618.2
,2618
,2617.9
,2618
,2617.55
,2617.5
,2615.7
,2617.4
,2617.5
,2617.7
,2617.95
,2618
,2619
,2618
,2618.05
,2616.5
,2616.8
,2616.95
,2617
,2616.15
,2616.7
,2616.85
,2617
,2617
,2617.75
,2621.7
,2625
,2625.2
,2624.85
,2624.85
,2622.15
,2621.75
,2621
,2625
,2626.75
,2627.1
,2627.75
,2627.95
,2626.65
,2627.75
,2626.5
,2627.3
,2627.4
,2626
,2632
,2634.8
,2633.6
,2634.95
,2631
,2648.7
,2650.5
,2654.75
,2657.2
,2658.5
,2657.3
,2653
